bench          type           starts         reads          writes         search         check_reads    avg_set        max_set        avg_rset       max_rset       
bayes          tl2            2344           65793          6420           52601          47816          2              22             20             551            
bayes          genSTM         2344           34969          12314          3715926        34969          18             149            
bayes          STO            2344           13103          4650           371836         13103          6              40             
genome         tl2            19693315       853343949      33946115       19513606       870397002      1              24             39             16372          
genome         genSTM         19693315       196548019      84657569       586044442203   196548019      12             628            
genome         STO            19693315       50789741       34337517       244343850      50789741       4              36             
intruder       tl2            13963609       1175368549     18715381       32215605       1195344522     1              2014           83             11616          
intruder       genSTM         13963609       817840154      37452583       377539762386   817840154      60             2623           
intruder       STO            13969097       32633851       18729652       123672617      32633851       3              13             
kmeans         tl2            5              101            101            1787           101            20             33             20             33             
kmeans         genSTM         8738150        218453350      436906700      20980258150    218453350      49             66             
kmeans         STO            8738150        8738150        8738150        0              8738150        1              1              
vacation       tl2            16777216       596015334      91389047       400785534      595906201      5              86             35             259            
vacation       genSTM         16777216       276502572      214395742      12264481130    276502572      24             218            
vacation       STO            137000083      203989513      117003835      798810188      203989513      2              64             
labyrinth      tl2            130            41488          41036          34125383       41485          315            1481           319            1481           
labyrinth      genSTM         130            34460          75238          95302426       34460          580            2489           
labyrinth      STO            130            34202          75238          95300301       34202          578            2489           
ssca2          tl2            89239652       89239691       178479263      89239650       89239691       1              2              1              2              
ssca2          genSTM         89239652       89239652       356887009      535224242      89239652       3              4              
